-288.241 1.3379
-285 1.48902
-282.5 1.6141
-280 1.74679
-277.5 1.88727
-275 2.03566
-272.5 2.1921
-270 2.35665
-267.5 2.52952
-265 2.7109
-262.5 2.90032
-260 3.09766
-257.5 3.30278
-255 3.51546
-252.5 3.73544
-250 3.96239
-247.5 4.19643
-245 4.43727
-242.5 4.6829
-240 4.93262
-237.5 5.18565
-235 5.44118
-232.5 5.69831
-230 5.95611
-227.5 6.2144
-225 6.47157
-222.5 6.7234
-220 6.96849
-217.5 7.2054
-215 7.43271
-212.5 7.64902
-210 7.85298
-207.5 8.0457
-205 8.22491
-202.5 8.38099
-200 8.51249
-197.5 8.61815
-195 8.69699
-192.5 8.74823
-190 8.77139
-187.5 8.77537
-185 8.76075
-182.5 8.69965
-180 8.59305
-177.5 8.44262
-175 8.25071
-172.5 8.0203
-170 7.75487
-167.5 7.49948
-165 7.27099
-162.5 6.95618
-160 6.56692
-157.5 6.11741
-155 5.62324
-152.5 5.10059
-150 4.5653
-147.5 3.84319
-145 2.90196
-142.5 2.22502
-140 1.7323
-137.5 1.36948
-135 1.09934
-132.5 0.896093
-130 0.741684
-127.5 0.665797
-125 0.716684
-122.5 0.795304
-120 0.909826
-117.5 1.07301
-115 1.30457
-112.5 1.63513
-110 2.11278
-107.5 2.78449
-105 3.61264
-102.5 4.67943
-100 6.0513
-97.5 7.81256
-95 10.0699
-92.5 12.9583
-90 16.6478
-87.5 20.9468
-85 25.0038
-82.5 29.5492
-80 34.5728
-77.5 40.0473
-75 45.9265
-72.5 52.1438
-70 58.6128
-67.5 65.4583
-65 73.2065
-62.5 81.4387
-60 90.1172
-57.5 99.1928
-55 108.605
-52.5 118.28
-50 128.136
-47.5 138.191
-45 148.655
-42.5 159.267
-40 169.95
-37.5 180.618
-35 191.183
-32.5 201.551
-30 211.625
-27.5 221.379
-25 230.884
-22.5 239.915
-20 248.387
-17.5 256.217
-15 263.326
-12.5 269.642
-10 275.099
-7.5 279.629
-5 283.196
-2.5 285.799
0 287.412
2.5 288.018
5 287.61
7.5 286.193
10 283.782
12.5 280.5
15 276.489
17.5 271.546
20 265.721
22.5 259.076
25 251.679
27.5 243.605
30 234.932
32.5 225.71
35 215.943
37.5 205.785
40 195.332
42.5 184.68
45 173.921
47.5 163.144
50 152.431
52.5 141.808
55 131.3
57.5 121.107
60 111.281
62.5 101.862
65 92.8861
67.5 84.3785
70 76.3584
72.5 68.6497
75 61.2002
77.5 54.5075
80 48.5007
82.5 43.1151
85 38.2912
87.5 33.9749
90 30.1167
92.5 26.6258
95 23.5284
97.5 20.917
100 18.708
102.5 16.8335
105 15.2385
107.5 13.8781
110 12.7156
112.5 11.8287
115 11.3205
117.5 10.9107
120 10.5898
122.5 10.351
125 10.1889
127.5 10.1
130 10.0827
132.5 10.131
135 10.1956
137.5 10.2663
140 10.3433
142.5 10.4266
145 10.5165
147.5 10.6131
150 10.7165
152.5 10.7889
155 10.7534
157.5 10.6873
160 10.5913
162.5 10.466
165 10.3127
167.5 10.1325
170 9.92696
172.5 9.69251
175 9.42361
177.5 9.13481
180 8.82841
182.5 8.5068
185 8.17243
187.5 7.82774
190 7.47521
192.5 7.1179
195 6.76007
197.5 6.40271
200 6.04767
202.5 5.69673
205 5.3515
207.5 5.01347
210 4.68396
212.5 4.3647
215 4.05749
217.5 3.76194
220 3.47869
222.5 3.20827
225 2.95105
227.5 2.70728
230 2.47708
232.5 2.26065
235 2.05797
237.5 1.86835
240 1.69158
242.5 1.52736
245 1.37531
247.5 1.23503
250 1.10603
252.5 0.98789
255 0.880012
257.5 0.781587
260 0.692111
262.5 0.611059
265 0.537898
267.5 0.472092
270 0.413106
272.5 0.360486
275 0.313674
277.5 0.271993
280 0.235033
282.5 0.202391
285 0.173678
287.5 0.148521
290 0.126568
292.5 0.10744
295 0.0907763
297.5 0.076405
300 0.064064
302.5 0.0535118
305 0.0445274
307.5 0.0369104
310 0.0304798
