-290.79 1.9306
-287.5 2.1628
-285 2.3544
-282.5 2.55979
-280 2.77965
-277.5 3.01466
-275 3.26549
-272.5 3.53281
-270 3.8172
-267.5 4.11923
-265 4.43972
-262.5 4.77932
-260 5.13861
-257.5 5.51817
-255 5.91854
-252.5 6.34021
-250 6.78405
-247.5 7.251
-245 7.74055
-242.5 8.25295
-240 8.78843
-237.5 9.34711
-235 9.92905
-232.5 10.5342
-230 11.1625
-227.5 11.8133
-225 12.4858
-222.5 13.1794
-220 13.8934
-217.5 14.6271
-215 15.3795
-212.5 16.1497
-210 16.9363
-207.5 17.7374
-205 18.5508
-202.5 19.3747
-200 20.2074
-197.5 21.0468
-195 21.8909
-192.5 22.7375
-190 23.5845
-187.5 24.4283
-185 25.265
-182.5 26.0921
-180 26.9066
-177.5 27.7059
-175 28.4869
-172.5 29.247
-170 29.9848
-167.5 30.6966
-165 31.3745
-162.5 32.0154
-160 32.6167
-157.5 33.1754
-155 33.6891
-152.5 34.1555
-150 34.5756
-147.5 34.9449
-145 35.2511
-142.5 35.4923
-140 35.6673
-137.5 35.7749
-135 35.8147
-132.5 35.7864
-130 35.6938
-127.5 35.531
-125 35.2849
-122.5 34.9574
-120 34.5507
-117.5 34.0677
-115 33.5117
-112.5 32.8865
-110 32.1961
-107.5 31.4326
-105 30.5961
-102.5 29.6937
-100 28.7324
-97.5 27.7198
-95 26.6636
-92.5 25.5716
-90 24.4346
-87.5 23.2428
-85 22.0422
-82.5 20.8405
-80 19.6448
-77.5 18.4617
-75 17.2974
-72.5 16.1576
-70 15.008
-67.5 13.8441
-65 12.7657
-62.5 11.7671
-60 10.8427
-57.5 9.9872
-55 9.1959
-52.5 8.46421
-50 7.79564
-47.5 7.21267
-45 6.69905
-42.5 6.24602
-40 5.8461
-37.5 5.4929
-35 5.18096
-32.5 4.9056
-30 4.68799
-27.5 4.54806
-25 4.42625
-22.5 4.32132
-20 4.2322
-17.5 4.15801
-15 4.09803
-12.5 4.05168
-10 4.00361
-7.5 3.93127
-5 3.86418
-2.5 3.80211
0 3.74485
2.5 3.69221
5 3.64402
7.5 3.60013
10 3.52946
12.5 3.41666
15 3.33723
17.5 3.28899
20 3.27061
22.5 3.28161
25 3.32228
27.5 3.39372
30 3.57257
32.5 3.96815
35 4.43998
37.5 5.00448
40 5.68227
42.5 6.49935
45 7.48865
47.5 8.69204
50 10.0643
52.5 11.4095
55 12.8857
57.5 14.4978
60 16.2499
62.5 18.145
65 20.1845
67.5 22.3684
70 24.6165
72.5 26.7787
75 28.9812
77.5 31.2037
80 33.424
82.5 35.6183
85 37.7616
87.5 39.8283
90 41.7968
92.5 43.6779
95 45.4571
97.5 47.1152
100 48.634
102.5 49.9966
105 51.187
107.5 52.1915
110 53.0099
112.5 53.6774
115 54.1778
117.5 54.5062
120 54.6596
122.5 54.6364
125 54.4368
127.5 54.0628
130 53.527
132.5 52.8659
135 52.0762
137.5 51.1639
140 50.1359
142.5 48.9999
145 47.7641
147.5 46.4375
150 45.0357
152.5 43.5863
155 42.0904
157.5 40.5559
160 38.9911
162.5 37.4037
165 35.8017
167.5 34.1926
170 32.5876
172.5 31.0024
175 29.4359
177.5 27.8931
180 26.3789
182.5 24.8974
185 23.4526
187.5 22.0478
190 20.6883
192.5 19.3793
195 18.1182
197.5 16.9067
200 15.7458
202.5 14.6364
205 13.5791
207.5 12.5739
210 11.6216
212.5 10.7218
215 9.87193
217.5 9.07119
220 8.31872
222.5 7.61339
225 6.95392
227.5 6.33885
230 5.76684
232.5 5.23576
235 4.74323
237.5 4.28769
240 3.86746
242.5 3.48081
245 3.12601
247.5 2.80125
250 2.50486
252.5 2.23474
255 1.98892
257.5 1.76585
260 1.56399
262.5 1.38185
265 1.21796
267.5 1.07091
270 0.939372
272.5 0.821898
275 0.71713
277.5 0.62399
280 0.541449
282.5 0.46853
285 0.404312
287.5 0.347934
290 0.298293
292.5 0.254549
295 0.216711
297.5 0.184066
300 0.155972
302.5 0.131856
305 0.111208
307.5 0.0935741
310 0.0786148
312.5 0.0660336
315 0.0553698
317.5 0.0463477
320 0.0387285
322.5 0.0323058
325 0.0269016
327.5 0.0223626
